,Avg systolic BP,Avg diastolic BP,Avg estimated MAP ,Weight at pw26 ,Height at pw26,Midarm circumference at pw26,Triceps skinfold at pw26,Biceps skinfold at pw26,Subscapular skinfold at pw26,Suprailiac skinfold at pw26,Avg antenatal weight 1st tri ,Avg antenatal weight 2nd tri,Avg antenatal weight 3rd tri ,Last antenatal weight,Sodium  ,Magnesium   ,Phosphorus ,Potassium,Calcium ,Iron ,Ferritin ,Copper,Zinc ,Selenium ,Transferrin receptor ,Myristic,Palmitic acid,Palmitoleic acid,Stearic acid,Oleic acid,cis-Vaccenic acid ,Linoleic acid,Linolenic acid (n-6) ,Linolenic acid (n-3)  ,Arachidic acid ,Gondoic acid ,Eicosadienoic acid  ,DGLA ,Arachidonic ,Behenic acid,ETA ,EPA ,Adrenic acid ,DPA ,DHA,Total FA ,Total n-3,Total n-6 ,SFA ,MUFA ,PUFA ,Triglycerides,Total cholesterol,HDL-cholesterol ,LDL-cholesterol,Flavin mononucleotide,Riboflavin ,N1-methylnicotinamide  ,Nicotinamide,Trigonelline ,Pyridoxal,Pyridoxal 5-phosphate ,Pyridoxic acid,Folate,Vitamin B12,Vitamin D3,Arginine,Asymmetric dimethylarginine ,Creatine,Creatinine ,Homoarginine,Symmetric dimethylarginine,Trimethyllysine ,Cystathionine ,Total Homocysteine ,Total cysteine ,1-Methylhistidine ,3-Methylhistidine ,Histidine ,Methionine ,Methionine sulfoxide ,3-Hydroxyanthranilic acid ,3-Hydroxykynurenine ,Anthranilic acid ,Kynurenic acid ,Kynurenine ,Quinolinic acid ,Tryptophan ,Xanthurenic acid ,Betaine ,Choline ,Dimethylglycine ,Trimethylamineoxide,Fasting glucose,2-hour glucose,Adiponectin,PAI-1,Resistin,MCP-1,FSH,GH,LH,TSH,IGF-I,IGF-II,IGFBP-1,IGFBP-3,IGFBP-7,C-peptide,Leptin,TNF-a,IGFBP-4,Insulin,Aspartate transaminase,C-reactive protein,Alanine transaminase ,Uric acid,Neopterin ,PFBA,PFNA,PFDA,PFUnDA,PFHxS,PFOA,PFBS,PFOS,PSI 1st tri,PSI 2nd tri,PSI 3rd tri ,PSI pregnancy ,PM2.5 1st tri ,PM2.5 2nd tri,PM2.5 3rd tri,PM2.5 pregnancy 
Avg systolic BP,1,0.7087374,0.8759953,0.4296761,0.1199544,0.3974774,0.2903243,0.3054051,0.2304101,0.2071228,0.4299532,0.4438464,0.4374187,0.4321045,0.0314055,-0.0801168,0.0554047,0.0254119,0.1485648,-0.0273586,0.0173385,0.1446763,0.0724172,-0.0200295,0.0272439,-0.0120674,0.0572495,0.0742186,0.0912263,0.0448696,0.0230416,0.0407639,0.0517675,-0.0225934,-0.0178079,-0.0088068,-0.002072,0.1407121,0.1038801,0.0492813,0.0243645,0.0295443,0.0149058,-0.0191868,0.046484,0.0603605,0.0300579,0.068503,0.0649927,0.0438801,0.063191,0.0996804,-0.0091104,-0.0730714,-0.0055812,-0.0014028,0.0048706,0.0092209,-0.0359201,0.0037446,0.1068062,0.0916302,0.116252,0.063341,-0.0832056,0.0267988,-0.0581471,-0.0070308,0.0196142,0.0044303,-0.0947507,0.0161422,0.0172509,-0.0917026,-0.0026794,0.0604728,0.0894548,0.0069183,-0.1361976,-0.0608951,-0.0608791,0.0272459,0.0446264,0.0231897,0.1069049,0.0678511,0.1189586,-0.1022299,0.0221252,-0.0001987,0.0728226,0.0759831,0.0430158,0.1310276,0.0893993,-0.1426616,-0.0074947,0.0274812,0.1053897,0.010889,-0.0635911,0.0628885,0.0411601,0.0773899,-0.0254189,-0.2805077,-0.0323623,-0.0346477,0.2443444,0.1896157,0.0385713,-0.2338516,0.2764537,-0.03642,0.2195131,0.0177315,0.2234824,0.0616083,0.0149875,0.0356719,-0.0419778,-0.0336731,0.1888655,0.0927663,-0.0060663,-0.0080463,-0.055329,-0.0136461,0.0347976,-0.0046259,-0.0426463,-0.0464836,0.0234094,-0.0312299
Avg diastolic BP,0.7087374,1,0.9574802,0.3487784,0.0915762,0.3683496,0.1579223,0.2021264,0.0834842,0.1474457,0.3508955,0.3706969,0.3652334,0.3543587,0.1348654,0.0054003,0.1562843,-0.0952903,0.3071712,-0.0929585,-0.000174,0.221744,0.1324223,0.0726074,0.0633742,-0.0028033,0.0114518,0.0589955,0.0917429,0.0418766,0.0366482,-0.0166551,-0.0722117,-0.1385642,0.0587958,0.018042,0.0211953,0.107147,0.0356251,-0.067616,-0.0609515,-0.025982,-0.1483929,-0.0815249,-0.1065116,0.0109011,-0.1099551,0.0067944,0.0309968,0.0429341,-0.0155544,0.1005919,-0.0390492,-0.1128183,-0.0287196,0.0294001,-0.0463209,-0.0071115,0.0559764,-0.0207195,0.0258452,0.0135889,0.0094437,0.102609,-0.1543242,0.0026079,-0.0294816,0.0124475,0.0146588,-0.010917,-0.1004055,0.0259707,0.0091237,0.021713,0.0118784,0.1494766,-0.0010929,0.0437954,-0.1099218,-0.048609,-0.038947,0.0774702,0.0386848,0.0116469,0.0470603,0.0471798,0.0816642,-0.1205954,-0.0485238,-0.0428384,-0.0028485,0.0518733,0.0258939,0.0775336,0.1332231,-0.0096931,0.0651362,0.012407,-0.0284752,0.1015533,-0.0292883,0.067103,0.0842381,0.1153187,-0.0481635,-0.2148207,0.0916138,0.039385,0.1937459,0.2056,-0.033094,-0.1575631,0.2606988,-0.1471175,0.2048542,-0.0615834,0.201452,0.0857481,-0.0478492,0.017907,-0.0517158,-0.0711997,0.1178885,0.0301683,-0.0350697,0.032397,0.0004982,-0.0627585,0.1150366,0.078715,0.1208308,0.04962,0.1372676,0.143747
Avg estimated MAP ,0.8759953,0.9574802,1,0.4065384,0.108532,0.4064889,0.2223797,0.2590794,0.1517777,0.185226,0.4094952,0.4278565,0.4210011,0.4113362,0.1045447,-0.0287458,0.1256896,-0.0473627,0.2633947,-0.0648399,0.0126714,0.2092452,0.1151055,0.040618,0.0484043,-0.0059417,0.0338882,0.0726202,0.1032164,0.0479535,0.0343977,0.0069141,-0.0245869,-0.1010355,0.0303766,0.0099143,0.0131327,0.1303752,0.0699447,-0.0288472,-0.0280818,-0.0066056,-0.0888295,-0.0613135,-0.0509373,0.0342522,-0.0598326,0.0344582,0.0503013,0.0482031,0.0175738,0.1133037,-0.0268341,-0.1074517,-0.0191706,0.0228731,-0.0246213,-0.0034624,0.0155919,-0.0077445,0.064139,0.0500663,0.0579175,0.0907188,-0.131922,0.0130024,-0.0404942,0.0111135,0.0167029,-0.0053958,-0.1057575,0.0219181,0.0124323,-0.0237184,0.0111421,0.116611,0.0314672,0.0279113,-0.1290224,-0.0542307,-0.0511813,0.0563585,0.0441296,0.0153156,0.0710622,0.0617767,0.0983184,-0.1275757,-0.0298804,-0.0261678,0.0271573,0.0615903,0.0321743,0.1072265,0.1250506,-0.0649968,0.0439224,0.0205873,0.0277679,0.0738181,-0.0504849,0.0715717,0.0740258,0.1098706,-0.0414016,-0.2581891,0.047097,0.0095054,0.229191,0.2132293,-0.0037318,-0.2011463,0.2911904,-0.1157662,0.2216133,-0.0309394,0.2262444,0.0805863,-0.0239996,0.0230958,-0.0553371,-0.0639095,0.1577728,0.0541659,-0.0234345,0.0136241,-0.0212936,-0.0483573,0.0905107,0.0495711,0.0635973,0.0112786,0.1006716,0.0816461
Weight at pw26 ,0.4296761,0.3487784,0.4065384,1,0.318321,0.834148,0.6344498,0.6469685,0.5746318,0.4612212,0.9620239,0.9855745,0.9782928,0.9672034,-0.0535608,-0.1524879,-0.0253766,0.059698,0.0285461,-0.0699037,0.046869,0.1853308,0.032676,-0.0734197,-0.0348302,-0.0202426,0.023454,0.0438941,0.0490417,0.0027251,-0.0200107,0.0327907,0.0271676,-0.0458333,-0.0329264,-0.0526044,-0.0080124,0.183867,0.0879049,0.0293311,0.0629671,-0.0075871,-0.0070693,-0.0776171,-0.0010148,0.0373242,-0.0122941,0.0672685,0.0291775,0.0011572,0.0542713,0.0716005,-0.1568995,-0.1627748,-0.1444243,-0.0276121,-0.0210046,0.0464541,-0.0051146,0.031689,-0.0051161,0.0240336,0.035928,-0.0128733,-0.2122563,-0.031688,0.0329632,0.0929273,-0.0024522,0.0838163,0.0499686,0.0522067,0.0129806,-0.1679974,-0.030737,0.0862601,0.1008621,-0.0188581,-0.0810988,-0.0414145,0.0185807,-0.0598995,0.0086828,-0.0978084,0.1685805,0.0811209,0.1223353,-0.0884457,0.046737,-0.0149542,0.193133,0.1005502,0.0085496,0.1868622,0.0875018,-0.2891951,-0.1608655,0.0041148,0.1619011,-0.0657264,-0.2359728,-0.0861904,-0.0172895,0.1100451,-0.1087711,-0.4505548,-0.0491833,-0.0560179,0.3869217,0.4478501,-0.014346,-0.3610957,0.4638321,-0.1954601,0.3876603,-0.0364057,0.3090272,0.0740956,-0.0496456,0.0526344,-0.057814,-0.0954214,0.0868277,0.0352705,-0.0902224,-0.0499226,-0.0355344,0.0275353,-0.0143862,-0.0117205,-0.0562931,-0.0223181,-0.0268412,-0.0447066
Height at pw26,0.1199544,0.0915762,0.108532,0.318321,1,0.0084885,-0.0049284,0.0243947,0.0214386,0.07468,0.2750746,0.3211203,0.3441564,0.3479765,-0.0065978,0.0614068,-0.0129897,0.0385864,-0.0000752,0.0547702,0.0295508,-0.139165,0.0602914,0.0378081,-0.0503864,0.0219849,-0.0297636,-0.0644423,0.0322531,-0.0258423,-0.0270404,-0.0063026,-0.013235,0.0587588,0.0198907,0.0325553,0.0210145,-0.0169404,0.0033054,0.0185444,0.0310275,0.04855,0.0169462,0.0429226,0.0139462,-0.006292,0.0286013,0.0017605,-0.0156828,-0.0288252,0.007535,-0.033649,0.0166898,0.04655,0.0039591,0.0252903,-0.0074978,-0.012184,-0.0251272,0.0080343,0.0027539,0.0326795,-0.0053672,0.0095722,-0.003975,0.0645109,0.0169002,-0.0647785,0.0082799,0.1092729,0.131678,-0.0059402,0.1449108,-0.0960817,-0.0215668,-0.0298501,0.0973287,0.0861037,0.0281741,0.0755975,-0.0034939,-0.0624184,-0.1109069,0.0663851,0.1073076,0.0129448,-0.0334713,0.159424,0.0947556,-0.0015069,-0.0484035,-0.0171932,0.023525,0.054208,-0.0597441,0.0991369,-0.0208609,0.1188244,-0.0242555,0.0125708,0.0213909,-0.032622,-0.0439605,-0.0359835,0.0259528,-0.0512771,-0.0309992,0.0562897,0.0333801,0.0252993,0.0133641,-0.0354918,0.0509801,-0.0464782,-0.0825246,0.0611486,0.0229991,-0.0078325,0.0026833,0.0586079,0.0658266,0.0643433,0.0738515,0.0744381,0.012841,-0.0356486,-0.0440424,-0.0049016,0.01472,-0.0331011,-0.0708599,-0.0582975,-0.0543246,-0.0807242
Midarm circumference at pw26,0.3974774,0.3683496,0.4064889,0.834148,0.0084885,1,0.6813402,0.6784224,0.5620727,0.47424,0.8205814,0.8327334,0.8018242,0.7889579,-0.0403262,-0.1423743,0.012107,0.0375678,0.0940494,-0.0780698,0.0395459,0.2713073,0.0802777,-0.0658442,-0.0474253,-0.0230392,-0.0033732,0.067548,0.0441439,-0.0084419,-0.0355516,-0.02297,-0.0283996,-0.0959329,-0.0028062,-0.0874968,-0.0296683,0.186337,0.0598542,0.0132251,0.0660813,-0.0063196,-0.0978912,-0.0935515,-0.055213,0.0047518,-0.0598662,0.02104,0.0081715,-0.0071723,0.0050885,0.1095058,-0.1903176,-0.1946921,-0.1780816,-0.0099507,-0.0104973,0.0915313,0.0116753,0.0544735,-0.0156037,0.0170877,0.0298765,0.018055,-0.2546451,-0.0045821,0.0105101,0.1297882,0.003232,0.0623105,0.0265392,0.0629632,-0.0643481,-0.1215456,-0.0239507,0.1127093,0.0722981,-0.0662419,-0.074642,-0.0916561,0.0091066,0.0201278,0.0206958,-0.0925451,0.1666925,0.0894049,0.1872134,-0.0986433,0.0477542,-0.011949,0.2281294,0.0845846,0.0058648,0.1661427,0.1389496,-0.2858988,-0.0844948,-0.0368833,0.0658308,-0.0328513,-0.1962458,-0.0133327,0.0560352,0.1550513,-0.0646676,-0.4154573,0.0472441,0.0022023,0.383985,0.4623113,-0.0481556,-0.3141795,0.433028,-0.2312038,0.434462,-0.065923,0.2889997,0.0568409,-0.1229918,0.0498206,-0.0655888,-0.1064755,0.1057125,-0.0102798,-0.1521144,-0.0408441,-0.0213398,-0.0017918,0.038797,0.0372192,-0.0104442,-0.0429163,-0.0106898,-0.0225662
Triceps skinfold at pw26,0.2903243,0.1579223,0.2223797,0.6344498,-0.0049284,0.6813402,1,0.7354093,0.7077455,0.5599313,0.6005481,0.613709,0.6074811,0.5975414,-0.1453386,-0.1736239,-0.0300744,0.1454953,-0.1296835,-0.0920013,0.0545639,0.1572576,-0.0723584,-0.1182488,-0.0375605,0.0608775,0.0996915,0.1731068,0.0895556,0.0647256,0.0146368,0.0714901,0.1193124,0.0589812,-0.0584843,-0.0395546,0.0308289,0.2507538,0.1461855,0.0892139,0.1537545,0.0382373,0.1062049,0.0060129,0.1143668,0.1045279,0.0898175,0.1195178,0.1002324,0.0670053,0.116451,0.1654972,-0.0768597,-0.0928542,-0.120513,-0.0319875,0.0280495,0.1061628,-0.0030967,0.037762,0.0874824,0.0943289,0.1332977,-0.0522151,-0.1228348,-0.0623243,0.0376437,0.1272668,0.0918867,0.0721634,-0.0638088,0.0336654,-0.019356,-0.0617598,0.014897,0.0117491,0.164577,0.0301911,-0.0411183,-0.0525915,0.0888307,0.0623001,0.0485429,-0.0522276,0.1920822,0.1077004,0.2024074,-0.0395913,0.0643035,-0.0510994,0.2526065,0.0753614,0.0541781,0.2305789,0.0340839,-0.3123103,-0.1697445,-0.0208185,0.1879171,-0.178181,-0.270622,-0.0912087,0.0342788,0.173503,-0.0635809,-0.3491642,-0.0781067,-0.0427333,0.3824022,0.3869326,0.0501795,-0.3143351,0.399198,-0.0741629,0.3417121,0.005096,0.2071043,0.1152311,-0.0367794,0.0880227,0.0107007,-0.0233422,0.1250485,0.049426,-0.0463652,0.0264112,-0.0333836,0.0649134,-0.0896443,-0.0556052,-0.1499658,-0.1161474,-0.1437924,-0.1745539
Biceps skinfold at pw26,0.3054051,0.2021264,0.2590794,0.6469685,0.0243947,0.6784224,0.7354093,1,0.6094051,0.5058325,0.6440638,0.6443691,0.6175087,0.6073792,-0.1087249,-0.2032467,-0.035197,0.1528001,-0.0451235,-0.048906,0.1129519,0.1898152,-0.0710237,-0.1579455,-0.1112837,0.0153684,0.1012985,0.105125,0.1125458,0.0496896,0.0257791,0.0780435,0.1622367,0.0346895,-0.0222266,0.0151038,0.0251505,0.2203682,0.1471819,0.1301368,0.112803,-0.0309934,0.1526516,-0.0247103,0.1055004,0.1038733,0.0659686,0.1214769,0.1077949,0.0545685,0.110576,0.1377462,-0.0847197,-0.1924082,-0.0745704,-0.0455562,0.0238426,0.0663424,-0.0620558,-0.0003855,0.08928,0.0899214,0.138139,-0.0844843,-0.1781977,-0.0371968,-0.0635579,0.0554881,0.0234263,0.0203978,-0.1147301,0.0222793,-0.0782357,-0.0858116,-0.0346805,0.0064744,0.0801188,-0.0361319,-0.1452166,-0.0858456,0.0380602,-0.0187705,0.005317,-0.0434498,0.1408816,0.1122715,0.1478338,-0.1355931,-0.0047535,0.0440997,0.2844436,0.1403861,0.0529856,0.1882789,0.078572,-0.2805257,-0.1018108,0.0461971,0.138807,-0.0924664,-0.2342611,-0.0697944,0.0946094,0.1586654,-0.0950578,-0.3540638,-0.0370358,-0.0148394,0.3893656,0.3917721,0.0178805,-0.3190771,0.4390947,-0.1469273,0.393893,-0.0494561,0.204136,0.0473829,0.0408545,0.1095166,-0.0050338,-0.113437,0.1360971,0.0847332,-0.0435632,0.0018673,0.0265443,-0.0017827,-0.0084909,0.0517918,-0.112854,-0.1563037,-0.041307,-0.1208614
Subscapular skinfold at pw26,0.2304101,0.0834842,0.1517777,0.5746318,0.0214386,0.5620727,0.7077455,0.6094051,1,0.5024663,0.5450218,0.5641972,0.542399,0.5370785,-0.1642502,-0.2044546,-0.0400246,0.1873169,-0.1567136,-0.0701229,0.115038,0.0394237,-0.049247,-0.0775054,-0.0690466,0.0296105,0.110337,0.1298137,0.0902725,0.0670953,0.000478,0.0724825,0.1000045,0.0318428,-0.0053494,-0.0326564,0.0204505,0.2242364,0.1449787,0.0817468,0.1607309,0.0491556,0.0851622,0.0051412,0.1282861,0.1079776,0.1036809,0.1171175,0.1054679,0.0640136,0.1184041,0.14711,-0.079398,-0.0750536,-0.1179172,-0.0121285,0.0262544,0.1298273,-0.0803213,-0.0455217,0.0705539,0.1048357,0.1305145,-0.0566997,-0.0482366,-0.0470521,0.0260575,0.140384,0.0439751,0.0617005,0.0081376,0.0487565,-0.0041829,-0.0362304,-0.0171733,-0.0123176,0.1017906,0.0269387,-0.1364649,0.0306532,0.0555051,0.0014187,0.0088243,-0.0096787,0.1715572,0.0043199,0.1217648,-0.0389392,0.0529933,-0.0007207,0.2660476,0.1226187,0.012242,0.1933886,0.0635384,-0.3490971,-0.0729535,-0.0232405,0.1747459,-0.1709109,-0.2720695,-0.0470721,0.0266427,0.2252617,-0.1007361,-0.3735394,-0.0743349,-0.0627566,0.3224144,0.3279817,0.0265878,-0.3303172,0.3746211,-0.0661374,0.2531448,0.0211825,0.2427514,0.0570081,-0.0179717,0.0899014,-0.0012997,-0.0163573,0.0787824,0.0424113,-0.0549346,0.0320251,-0.0298284,0.1194443,-0.1397032,-0.0555902,-0.1483016,-0.0561868,-0.1911798,-0.1640493
Suprailiac skinfold at pw26,0.2071228,0.1474457,0.185226,0.4612212,0.07468,0.47424,0.5599313,0.5058325,0.5024663,1,0.4121083,0.4564009,0.4497011,0.4524404,0.0244563,-0.0329709,0.1038323,-0.0366872,0.0615536,-0.0067199,0.1035931,0.0904077,0.0028743,0.0161631,-0.0731721,0.0232004,0.0332208,0.09406,0.0853965,0.0431291,0.0366594,-0.0474846,-0.0458426,-0.0466637,-0.0062896,0.0171928,-0.0196312,0.1040289,0.072072,-0.0012029,0.1004735,0.0604837,-0.0249593,0.0074282,-0.0121916,0.0203693,-0.0034468,-0.0054205,0.0433545,0.0487443,-0.0075058,0.0792044,-0.0113687,-0.0348996,-0.029219,0.0714865,0.1255566,0.055045,0.0137753,-0.0172655,0.091184,0.0794538,0.0931231,0.0722521,-0.0582867,0.0365975,-0.028236,0.1502355,0.0691375,0.0027883,0.0739242,0.032837,-0.0053091,-0.0686241,-0.0625546,0.0968399,0.1120556,0.0584153,-0.0553986,-0.0412658,0.0223085,0.0099065,-0.0386139,0.0111772,0.1036052,0.0143883,0.0647008,0.0026585,0.02223,0.0043918,0.1783925,0.0580698,0.0515551,0.125787,0.1166263,-0.154876,-0.0906251,-0.027883,0.0375244,-0.0271919,-0.0962847,-0.0064946,0.0544891,0.1531207,-0.0632099,-0.2276444,0.060114,0.048196,0.2072034,0.2826452,0.0274605,-0.2080311,0.2619012,-0.0045807,0.1779334,0.0529237,0.1781919,0.0767789,-0.0010703,0.1903081,0.0974609,0.1241082,0.0727925,0.0386642,0.0027602,0.1069308,-0.1053219,-0.0487124,0.0906866,-0.0259281,-0.1278274,-0.2065665,-0.0566021,-0.1797053
Avg antenatal weight 1st tri ,0.4299532,0.3508955,0.4094952,0.9620239,0.2750746,0.8205814,0.6005481,0.6440638,0.5450218,0.4121083,1,0.9657091,0.9356892,0.9208167,-0.0637968,-0.1713527,-0.0675509,0.0348701,0.0359634,-0.0952222,0.0439287,0.2364707,-0.0111946,-0.1071591,-0.048223,-0.0609528,0.0159681,0.0143264,0.0292666,-0.0166616,-0.0403057,0.0142279,0.0503622,-0.056908,-0.0316269,-0.054329,-0.0381944,0.1781981,0.1148335,0.0093635,0.0365479,-0.0357506,0.0013583,-0.1242927,-0.0044883,0.0256556,-0.0214569,0.0612187,0.0170633,-0.0184567,0.0459079,0.0483333,-0.1895573,-0.2063046,-0.1593333,-0.0170332,-0.0036826,0.0152335,-0.0397015,0.0634071,-0.0092773,0.0234773,0.0485058,-0.0416422,-0.2086065,-0.0493956,0.0330721,0.0775263,-0.0428759,0.1119101,0.02447,0.0569199,-0.0206158,-0.1474106,-0.0017193,0.0929538,0.081851,-0.0285269,-0.1017347,-0.052717,0.0157137,-0.0892245,0.0365623,-0.1210642,0.1610467,0.1037968,0.1283233,-0.136503,0.0064989,-0.0119153,0.1700352,0.1050237,-0.0012454,0.1665819,0.0746845,-0.2839012,-0.1540455,0.0285418,0.1408265,-0.0753415,-0.2043714,-0.0994097,-0.0063696,0.081143,-0.0895556,-0.4157875,-0.0495318,-0.0951062,0.3686729,0.4137848,-0.0116548,-0.3310305,0.4404462,-0.2278638,0.4606618,-0.0573423,0.319502,0.0869438,-0.025662,0.0110838,-0.119153,-0.1422744,0.0819695,-0.0004705,-0.079116,-0.0823033,-0.0391488,0.0404269,-0.0276766,-0.0211379,-0.0522244,-0.0068681,-0.0279791,-0.0328637
Avg antenatal weight 2nd tri,0.4438464,0.3706969,0.4278565,0.9855745,0.3211203,0.8327334,0.613709,0.6443691,0.5641972,0.4564009,0.9657091,1,0.9679105,0.9546613,-0.0326125,-0.1386716,-0.0228246,0.0630751,0.0577027,-0.048829,0.0567464,0.1951847,0.068602,-0.0574584,-0.0481054,-0.0281752,0.0182402,0.0308459,0.0430989,-0.0045063,-0.0242538,0.0183393,0.0331857,-0.0464937,-0.0420746,-0.0493048,-0.0098314,0.1672453,0.0846979,0.0156285,0.0600916,0.0051813,-0.0085991,-0.0725042,0.008707,0.0291041,-0.0025005,0.0542824,0.0227723,-0.005804,0.0450396,0.0739326,-0.1765027,-0.1753553,-0.1628832,-0.0244506,-0.0085297,0.0621618,-0.0030448,0.0325941,0.0070313,0.0426316,0.0524067,-0.0011393,-0.2143017,-0.0059745,0.0273328,0.0889895,-0.0005548,0.0740979,0.0663055,0.0370358,-0.0036979,-0.1690963,-0.0340555,0.0880462,0.0864147,-0.0239813,-0.105914,-0.0459382,-0.0079794,-0.0584062,-0.0012241,-0.0971277,0.1848294,0.0932754,0.117037,-0.0840424,0.0517349,-0.0316254,0.1817923,0.0927697,0.0004252,0.1886104,0.0928939,-0.2613156,-0.1520283,0.0174904,0.1303841,-0.0446136,-0.2237447,-0.0776809,0.0054196,0.1044161,-0.1063099,-0.4602022,-0.0304463,-0.0701207,0.3823934,0.4306317,-0.0043876,-0.3682552,0.4647483,-0.205838,0.3921006,-0.0410272,0.3019274,0.061694,-0.039644,0.0618073,-0.0485609,-0.0949111,0.1017906,0.0503709,-0.0895182,-0.0458416,-0.0346059,0.0145599,-0.0034335,-0.0064927,-0.0590069,-0.0428667,-0.0235446,-0.0548514
Avg antenatal weight 3rd tri ,0.4374187,0.3652334,0.4210011,0.9782928,0.3441564,0.8018242,0.6074811,0.6175087,0.542399,0.4497011,0.9356892,0.9679105,1,0.996174,-0.0423313,-0.1238783,-0.0117507,0.0565801,0.0347618,-0.0752132,0.0452523,0.1705546,0.0295121,-0.0562744,-0.0319435,0.0106748,0.0374838,0.0621753,0.0668661,0.0178071,-0.0138944,0.048339,0.0486761,-0.0128338,-0.0135537,-0.047254,0.0199466,0.1848146,0.0942541,0.0222332,0.0907505,0.0223136,-0.0030611,-0.055355,0.0193295,0.0547815,0.0137515,0.0811569,0.0448598,0.0163797,0.0708708,0.070462,-0.1577633,-0.1401144,-0.1610744,-0.028026,-0.0122419,0.0691712,-0.0034229,0.0250842,-0.0174867,0.0123491,0.0182763,-0.0040194,-0.1949519,-0.0455844,0.0398615,0.0964704,0.0102878,0.0974548,0.0490851,0.03714,0.0330881,-0.1676151,-0.0261106,0.0858795,0.1161843,0.0050103,-0.0752392,-0.0282395,0.0030877,-0.0679495,-0.0055918,-0.1010337,0.1879873,0.0885103,0.1018887,-0.0785865,0.0745363,-0.000596,0.2036954,0.1187789,0.0259319,0.1506902,0.0148653,-0.2585437,-0.1676697,0.0107169,0.1335666,-0.0533649,-0.1932804,-0.0906467,-0.0028033,0.098004,-0.0867046,-0.4439797,-0.0495005,-0.0792667,0.3612337,0.447591,-0.0010788,-0.3597211,0.4656746,-0.2115064,0.3767858,-0.0418118,0.2825642,0.0753937,-0.0364968,0.0669533,-0.047551,-0.0898731,0.0873541,0.0517311,-0.0755055,-0.0372229,-0.0416836,0.0263452,-0.0184066,-0.0200446,-0.0746167,-0.0390527,-0.0311774,-0.0603752
Last antenatal weight,0.4321045,0.3543587,0.4113362,0.9672034,0.3479765,0.7889579,0.5975414,0.6073792,0.5370785,0.4524404,0.9208167,0.9546613,0.996174,1,-0.0580531,-0.1396919,-0.0171636,0.0641648,0.0202899,-0.0679936,0.0471567,0.1574534,0.0267093,-0.0644467,-0.0284001,0.011539,0.0358388,0.0589014,0.0656096,0.014221,-0.0220696,0.0459308,0.0579368,-0.0041269,-0.0247706,-0.0541543,0.0125405,0.1811628,0.0941599,0.0159253,0.0932427,0.0125195,0.0036445,-0.0597304,0.0147843,0.0525906,0.0093931,0.0791723,0.0436729,0.012305,0.0678217,0.0654649,-0.1485162,-0.1297775,-0.1481065,-0.0255735,-0.0074852,0.0659424,-0.0096854,0.0330443,-0.0276989,0.0027225,0.0109392,-0.0002589,-0.1844023,-0.0548892,0.0465125,0.1137606,0.0080494,0.0878781,0.0368668,0.0366244,0.0348328,-0.1736266,-0.034516,0.0807624,0.1213984,0.0059499,-0.0598727,-0.013927,0.0060267,-0.0795041,-0.0161285,-0.1038462,0.1838998,0.0906239,0.0992519,-0.0744355,0.071549,0.0074544,0.2046594,0.123176,0.0135389,0.1449187,-0.000245,-0.2485362,-0.1690965,0.0182193,0.1393589,-0.0501469,-0.1926011,-0.0871189,-0.0026398,0.0899313,-0.0835156,-0.4395488,-0.0438634,-0.0763573,0.3530617,0.4420854,-0.0089614,-0.3557133,0.4478863,-0.1906601,0.3727431,-0.0222273,0.2690555,0.073801,-0.0255302,0.0589754,-0.0517223,-0.0899041,0.0796674,0.0432142,-0.0644707,-0.040939,-0.0438239,0.0353299,-0.025693,-0.0182044,-0.0774119,-0.0369334,-0.0359533,-0.0635125
Sodium  ,0.0314055,0.1348654,0.1045447,-0.0535608,-0.0065978,-0.0403262,-0.1453386,-0.1087249,-0.1642502,0.0244563,-0.0637968,-0.0326125,-0.0423313,-0.0580531,1,0.6560064,0.3957073,-0.0478742,0.5384273,0.0106141,0.0553799,0.234715,0.2850328,0.3254002,0.096021,-0.163677,-0.2528937,-0.1817628,-0.2278999,-0.2264895,-0.2278854,-0.2727333,-0.2596016,-0.2286759,0.0250037,-0.1233768,-0.2092324,-0.2357115,-0.2650724,-0.0565251,-0.1259353,-0.1378553,-0.1545654,-0.1882167,-0.2612881,-0.275787,-0.2494225,-0.2873353,-0.25229,-0.2290587,-0.29352,0.0237967,-0.0836315,-0.0600084,-0.0919766,0.0226103,0.0513333,-0.0005245,0.0829095,0.0154636,-0.0366785,-0.0449387,-0.0764653,0.0762865,-0.0804784,0.0811185,-0.0878628,-0.0565628,-0.0510947,-0.1157453,-0.022207,-0.0016072,-0.0542787,0.0299208,-0.0328639,0.0235242,-0.0503698,-0.012218,-0.0441318,-0.0595617,0.0070502,0.0843705,0.0455168,-0.0300936,-0.0762116,-0.013938,-0.0699168,-0.0026522,-0.0516683,-0.0168122,-0.0585102,-0.0450534,-0.0582767,-0.0422358,0.0092574,0.0877474,0.099953,-0.0213545,-0.1970989,0.1730992,0.0971903,0.0592524,0.0162117,0.0188614,0.0055711,0.0778956,0.264228,0.1866411,-0.0291199,0.0787151,-0.1098583,0.1123465,-0.0217914,-0.1035018,-0.097503,0.0025433,-0.0503023,0.0133,-0.127121,0.0542717,-0.0019387,0.0249015,-0.0005401,-0.0097681,-0.0199847,0.0467701,0.3302137,-0.371082,0.4804628,0.4046994,0.3614927,-0.1540054,0.4448725,0.2587688
Magnesium   ,-0.0801168,0.0054003,-0.0287458,-0.1524879,0.0614068,-0.1423743,-0.1736239,-0.2032467,-0.2044546,-0.0329709,-0.1713527,-0.1386716,-0.1238783,-0.1396919,0.6560064,1,0.3649311,-0.0702937,0.3614184,0.0928705,0.0842938,0.1215577,0.2762053,0.3364859,0.1138139,-0.1148891,-0.178192,-0.1289762,-0.1587904,-0.1411174,-0.1251152,-0.190357,-0.2182218,-0.1419799,0.0165075,-0.0216213,-0.0931014,-0.1876544,-0.2046522,-0.0302245,-0.0515855,-0.0070763,-0.1373388,-0.0681652,-0.1508751,-0.1898389,-0.1333787,-0.2079648,-0.1779683,-0.142429,-0.2052374,0.0026323,0.0267782,0.1556523,-0.047324,-0.0212706,0.0417212,0.0387185,0.1198407,0.0239448,-0.0562422,-0.0781729,-0.0865118,0.1496426,0.0214071,0.0752416,-0.0862223,-0.1228483,0.0317632,-0.0206324,0.1368035,0.0126365,0.0288552,0.0153762,0.0041543,0.0632545,-0.0219013,0.0241124,-0.002545,-0.0681734,-0.1204221,0.0186588,-0.0148842,0.0163316,-0.034613,-0.0675037,-0.1037617,0.0392391,0.0549289,0.0420514,-0.0361292,-0.1008094,-0.0183654,-0.1320205,-0.009731,0.1648894,0.081757,-0.0573467,-0.1963616,0.1090891,0.0955807,-0.0064811,-0.0786563,-0.0239826,0.0941747,0.1602902,0.1880009,0.1706805,-0.0990912,-0.0274658,-0.039442,0.1621928,-0.0891015,-0.0112275,-0.208574,0.0660949,-0.1331094,-0.0149646,-0.0840474,0.1378464,0.129135,0.1300744,0.081977,0.0733686,-0.0098088,0.1073288,0.2066941,-0.2534802,0.335246,0.26248,0.2333577,-0.0931586,0.2866062,0.1694014
Phosphorus ,0.0554047,0.1562843,0.1256896,-0.0253766,-0.0129897,0.012107,-0.0300744,-0.035197,-0.0400246,0.1038323,-0.0675509,-0.0228246,-0.0117507,-0.0171636,0.3957073,0.3649311,1,-0.0265203,0.4936857,0.0475753,0.0445329,0.1803937,0.2329935,0.4836855,0.0263737,0.1516564,0.0928507,0.2159185,0.1205697,0.1615993,0.1213779,0.0421552,-0.0896449,0.0269935,0.080607,0.1080824,0.1180959,0.1204882,0.0383913,0.0784077,0.1876242,0.0786705,-0.0290812,0.1132559,-0.0353953,0.0917359,-0.0023034,0.0545101,0.1013791,0.1655464,0.0462745,0.3514656,0.5413014,0.4803694,0.339538,0.070938,-0.0157972,0.1100013,0.1682374,0.0141428,0.0534214,0.0791224,-0.0103746,0.0920394,-0.1299557,0.1106417,0.0059293,-0.0865616,0.0655655,-0.052589,0.021656,0.0016621,-0.0453878,0.0538239,0.0587434,0.1704395,-0.0384999,0.0436827,0.0375198,-0.0359719,-0.0909979,0.1514499,0.0043673,0.0561907,0.0104564,-0.0474496,-0.0208943,0.0985852,0.1288167,-0.0485597,0.0277653,-0.0524143,0.0062297,-0.082626,0.0682428,0.1638186,0.1144523,-0.0946683,-0.1859703,0.0149995,-0.0128236,0.0197343,0.0568687,0.1391194,0.0272074,0.1049502,0.1951771,0.2198511,-0.0735208,0.0959262,-0.1086323,0.1109187,-0.0849112,-0.060448,-0.0466773,-0.006848,0.0480583,-0.1099729,-0.0957073,0.0906272,0.1518129,0.1820148,0.1207586,-0.0722526,-0.0497233,0.1856447,0.1953937,-0.1984828,0.2911447,0.2647518,0.2459926,-0.0537472,0.2700567,0.1923269
Potassium,0.0254119,-0.0952903,-0.0473627,0.059698,0.0385864,0.0375678,0.1454953,0.1528001,0.1873169,-0.0366872,0.0348701,0.0630751,0.0565801,0.0641648,-0.0478742,-0.0702937,-0.0265203,1,-0.0242917,0.2181402,0.0527162,-0.0591051,0.149781,-0.0396666,-0.1269615,-0.0188482,-0.0483474,0.0052384,-0.0631125,-0.0845511,-0.0905227,-0.0367656,0.0459981,0.0274983,-0.119474,-0.0673704,-0.0621441,-0.019016,-0.0124732,0.0418941,0.0459871,-0.0819919,0.1351313,-0.061638,-0.005155,-0.0448304,-0.0194638,-0.0278652,-0.0530729,-0.0784839,-0.0261081,0.0266523,-0.0486129,-0.0367013,-0.0540721,-0.0446071,-0.0386424,0.1019446,0.0246708,0.0399824,-0.0728906,-0.0288461,-0.0044203,-0.0918327,0.0174346,-0.0209786,-0.0080613,-0.0704363,-0.0289669,0.0108057,-0.0358233,-0.0440136,-0.0328812,-0.0193263,-0.0339737,-0.1754537,0.0289088,-0.0498741,-0.0402037,-0.0154975,0.0023623,-0.0327053,0.0166335,0.0195429,0.0624967,-0.0228497,0.0266107,-0.1786818,0.0505917,-0.0279411,0.0171346,-0.0493423,0.0293514,0.0770794,-0.0136997,-0.1713276,-0.0535732,-0.0837657,0.0851236,-0.0460826,-0.1500775,-0.0325582,-0.0594116,-0.0032722,-0.0889879,-0.1484227,-0.1202096,-0.048255,0.1418104,0.0148426,-0.0227578,-0.1611887,0.0553647,0.0497013,-0.0103201,0.0738443,0.1012744,-0.055609,-0.0086111,-0.1055082,-0.0894028,-0.1058316,-0.0094281,-0.0288482,0.0233027,-0.1067827,0.0742962,0.1158386,-0.110766,0.0406167,-0.0595868,-0.0206862,-0.0796036,-0.0637707
Calcium ,0.1485648,0.3071712,0.2633947,0.0285461,-0.0000752,0.0940494,-0.1296835,-0.0451235,-0.1567136,0.0615536,0.0359634,0.0577027,0.0347618,0.0202899,0.5384273,0.3614184,0.4936857,-0.0242917,1,0.1518406,0.1607089,0.2830805,0.4248079,0.3863261,-0.0391906,-0.0488549,-0.0584842,0.0083686,0.0057436,-0.0372545,-0.0096412,-0.0866678,-0.1715246,-0.1453431,0.1113508,0.0040824,-0.0329938,-0.0018139,-0.0324521,-0.0553841,-0.0443344,-0.0374942,-0.1696751,-0.0290647,-0.1406442,-0.0622038,-0.1185216,-0.0733735,-0.0450816,-0.0309029,-0.084566,0.1211172,-0.0170554,-0.0522981,-0.0251666,0.0775026,0.0661366,0.0082171,0.1689589,0.0128876,0.0898297,0.1198141,0.0834551,0.2019591,-0.0345397,0.1843345,-0.1152769,0.0327137,-0.0043704,-0.1443594,-0.014157,-0.0074657,-0.0514819,-0.038736,-0.0193624,0.15104,-0.0453008,-0.0079721,-0.0522354,-0.0654048,0.0229582,0.0888695,0.020039,0.0303462,0.0439776,0.0604323,-0.0107859,0.0852876,0.0542682,-0.1218574,-0.051603,-0.0587083,-0.0513416,-0.0541826,0.13381,0.0679,0.1489404,-0.0741345,-0.1346847,0.1381857,0.0240829,0.1039194,0.0573784,0.0736952,-0.0095648,0.0146895,0.1974546,0.1912608,-0.0111894,0.0942326,-0.1222855,0.0262642,0.0181019,-0.0494724,0.0148002,0.0461544,0.0957532,-0.0117797,-0.0096758,0.1343505,0.0312493,0.0514055,0.0665312,0.062843,0.0443581,0.0787833,0.1558986,-0.2248585,0.2846393,0.2360624,0.2578327,-0.0023042,0.3031598,0.2319761
Iron ,-0.0273586,-0.0929585,-0.0648399,-0.0699037,0.0547702,-0.0780698,-0.0920013,-0.048906,-0.0701229,-0.0067199,-0.0952222,-0.048829,-0.0752132,-0.0679936,0.0106141,0.0928705,0.0475753,0.2181402,0.1518406,1,0.3164799,-0.1253229,0.2925559,0.1190038,-0.2588672,0.0031216,-0.037722,-0.0033395,0.0010807,-0.0407703,0.0207769,-0.0519576,-0.0775902,-0.0603415,0.0114018,0.0070388,0.0126656,-0.040472,-0.0341518,-0.0495045,0.0266647,0.0807641,-0.0039077,0.1168677,0.0370781,-0.0278362,0.0495502,-0.0429897,-0.0321859,-0.0295492,-0.0209559,0.023367,-0.0021219,0.0550279,-0.0319845,0.1060396,0.1379939,0.0640787,0.0159895,-0.1217618,0.2076508,0.2564642,0.2935096,0.226696,0.1405342,0.2175083,-0.2162259,-0.0256829,0.0535021,-0.0239732,0.1473624,0.0157241,-0.0717771,-0.1517067,-0.1084632,-0.0110351,0.04063,-0.0459561,0.0305071,-0.0638786,-0.0098748,-0.0945944,-0.1932915,0.1292753,0.0694148,-0.0595418,-0.0465308,0.0659433,0.054784,0.0589657,0.1166802,-0.0484038,-0.0399796,-0.118984,0.0817147,0.1188751,0.0642733,-0.0496163,-0.0300442,0.094021,0.0125816,0.0857713,0.0312714,-0.0368234,0.0788984,0.0299388,-0.0642916,-0.0004661,-0.0883468,-0.1197291,-0.0766519,0.0116318,-0.1617484,0.221074,-0.1776148,0.1524838,0.1017715,-0.312527,0.11698,0.11929,0.1061918,0.0927258,0.0666741,0.1628778,0.0872996,0.0022838,-0.0309689,-0.0274843,0.0290738,-0.0017807,0.0063646,0.0092829,0.0652015,0.0162765
Ferritin ,0.0173385,-0.000174,0.0126714,0.046869,0.0295508,0.0395459,0.0545639,0.1129519,0.115038,0.1035931,0.0439287,0.0567464,0.0452523,0.0471567,0.0553799,0.0842938,0.0445329,0.0527162,0.1607089,0.3164799,1,-0.0668101,0.0843918,0.0582085,-0.2267635,-0.0610889,0.0001041,-0.0238339,0.0092381,-0.0373294,0.0052119,-0.0359308,0.000906,-0.0065781,-0.0286218,-0.0568974,0.0122487,0.0429314,0.0354988,0.0227051,0.0357149,0.0508056,0.030314,0.0486772,0.0528258,-0.0024163,0.0458193,-0.008366,0.0019393,-0.0321601,-0.002285,0.0277048,-0.058902,0.0486369,-0.0967018,0.0646664,0.0992444,-0.0486823,-0.1220037,-0.0702628,0.2415274,0.2849503,0.332091,0.1671298,0.1640505,0.2772071,-0.1259471,0.049934,0.0425946,-0.0432281,0.0185547,-0.0196558,-0.0231581,-0.2012213,-0.2109562,0.0040814,0.0942777,0.0828298,-0.0698426,-0.1335469,0.0645928,-0.1071514,-0.1551112,0.0109024,0.0422005,-0.0609028,-0.0284585,-0.0451042,-0.0045428,0.1540997,0.1173318,0.0103487,-0.0381934,-0.0399083,0.099212,-0.0772038,-0.0468066,-0.0290385,0.0223732,0.0079394,-0.0987074,0.1199141,0.0829972,0.032932,0.0119976,-0.0904238,-0.0579496,0.0412712,0.0486053,-0.0373092,-0.0159648,-0.1290725,0.0799106,0.102232,0.0899909,0.1448988,0.0439507,-0.0637153,-0.028634,0.0174107,-0.0338272,-0.012524,0.1263056,0.0854826,-0.0959999,-0.0463825,0.0462246,-0.0183902,0.0264364,0.0451018,0.0091459,-0.0284816,0.0287404,0.0022027
Copper,0.1446763,0.221744,0.2092452,0.1853308,-0.139165,0.2713073,0.1572576,0.1898152,0.0394237,0.0904077,0.2364707,0.1951847,0.1705546,0.1574534,0.234715,0.1215577,0.1803937,-0.0591051,0.2830805,-0.1253229,-0.0668101,1,0.0844328,0.112629,0.0869713,-0.039154,-0.0695183,0.0160307,-0.0216244,-0.0406742,-0.036745,-0.0806996,-0.0508647,-0.1346748,0.0914557,-0.029082,-0.0490502,0.1172135,0.0245902,0.0303241,-0.0619864,-0.1077213,-0.0936825,-0.1418841,-0.1111006,-0.0552506,-0.1224803,-0.0340064,-0.0575336,-0.0364968,-0.0563215,0.0407152,0.0505005,-0.0460202,0.0629785,0.0055247,0.0228705,-0.121735,-0.0052363,0.1489705,-0.0413969,-0.0714382,-0.0081953,-0.0108177,-0.0483102,-0.0334071,0.023938,-0.0265265,-0.0785554,0.0243754,-0.1112283,0.0711952,-0.0784029,0.0039087,0.0818338,0.1904042,-0.0476315,-0.1001306,-0.1228247,-0.1060523,-0.105324,-0.0100586,0.1680932,-0.0362996,0.0292112,0.0409286,0.0362813,-0.2182839,-0.0618235,0.0523096,0.0302402,0.0190231,-0.0008367,-0.0755392,0.0210685,0.0209351,0.0950054,-0.0013659,-0.0029058,0.026213,-0.0472692,-0.0727618,0.0587169,-0.0647996,-0.0918619,0.1025539,0.1905092,0.0739309,0.0709541,0.1900813,-0.0127834,0.1308245,0.0945349,-0.1333932,0.4540467,-0.0524559,0.136602,0.0219109,-0.0275183,-0.0736812,-0.1620633,-0.1141318,-0.0717264,-0.0994861,-0.0457599,-0.0566874,0.1113454,-0.1326747,0.1367214,0.1482813,0.1691319,0.0005855,0.1653543,0.1522027
Zinc ,0.0724172,0.1324223,0.1151055,0.032676,0.0602914,0.0802777,-0.0723584,-0.0710237,-0.049247,0.0028743,-0.0111946,0.068602,0.0295121,0.0267093,0.2850328,0.2762053,0.2329935,0.149781,0.4248079,0.2925559,0.0843918,0.0844328,1,0.299796,-0.0863223,0.0690299,0.0315104,0.0886941,0.086549,0.0767695,0.1240437,0.012783,-0.0969292,-0.0270631,0.1231867,0.1239275,0.1038313,0.065841,0.0335099,-0.0304213,0.0560107,0.1448002,-0.181127,0.1355912,0.0104199,0.0462078,0.0445348,0.0232404,0.045515,0.0884423,0.03225,0.0504248,-0.0131147,0.0862882,-0.0540274,0.0465735,0.0329206,0.1348331,0.140705,-0.0701426,0.0167421,0.0764307,0.060131,0.2138099,0.0700221,0.2042332,-0.1094189,0.0290518,0.1178621,-0.0941365,0.2115337,-0.0159319,-0.0635873,-0.0725729,-0.0251346,0.1124889,-0.0181663,-0.0313467,-0.1074842,-0.0382969,-0.121621,0.0899895,-0.0250213,0.049835,0.1350803,-0.0624046,-0.020224,0.1229338,0.1848947,0.0132934,0.1188262,-0.0671568,-0.0431073,-0.1015808,0.0753187,0.1199272,0.1322748,-0.0394713,-0.137356,0.0594624,0.0589122,0.0425348,0.0339144,0.0694462,0.0030707,-0.0128652,0.1634422,0.1092035,-0.0536997,-0.0285199,-0.1725378,0.042127,-0.0732306,0.0236575,-0.0909106,0.0817805,0.0964087,-0.1564413,-0.0188577,0.1602437,0.1141367,0.1286847,0.1100747,0.1004195,-0.0755281,0.0817297,-0.0307588,-0.0638317,0.1000177,0.0224849,0.1140768,0.0859177,0.1143612,0.1383534
Selenium ,-0.0200295,0.0726074,0.040618,-0.0734197,0.0378081,-0.0658442,-0.1182488,-0.1579455,-0.0775054,0.0161631,-0.1071591,-0.0574584,-0.0562744,-0.0644467,0.3254002,0.3364859,0.4836855,-0.0396666,0.3863261,0.1190038,0.0582085,0.112629,0.299796,1,0.009026,0.0688575,0.0144818,0.1493208,-0.0105296,0.0537438,0.0844001,-0.0687279,-0.1701043,-0.0517652,0.0454111,0.0610585,0.0120845,-0.0387467,-0.0367531,0.0397094,0.1449855,0.2375909,-0.1136499,0.1466978,0.0222499,-0.0013718,0.0638872,-0.0652869,0.0080235,0.0643038,-0.0369168,0.1297756,0.1464713,0.255362,0.0353409,0.0574111,-0.0024675,0.1060855,0.1392488,-0.1256608,-0.0167772,0.0204817,-0.0728163,0.0756026,0.0608316,0.1478559,0.0348038,-0.0984399,0.2941013,-0.0962163,0.1507298,-0.0394907,0.0664309,0.0201661,0.0610788,0.1708014,0.0102387,0.0858543,0.0398894,-0.0494839,-0.1437877,0.08792,-0.1203566,0.0774376,0.0378233,-0.1147658,-0.0581891,0.1005412,0.1999667,-0.2540074,-0.0118745,-0.1682252,0.1451029,-0.0688791,0.0700547,0.1747744,0.081365,-0.0614713,-0.2209266,0.0150613,0.0531133,-0.005935,-0.0197405,0.1291169,0.1668432,0.1035012,0.1309075,0.2040269,-0.0286627,-0.058764,-0.0984045,0.1271428,-0.0549214,-0.0440702,-0.1382859,-0.0071384,0.1048343,-0.1683692,-0.0304372,0.1999411,0.2200157,0.3581501,0.1569495,-0.0270621,-0.0290795,0.2657669,0.19344,-0.1506835,0.2065776,0.232395,0.2725224,0.0071148,0.2349758,0.2138543
Transferrin receptor ,0.0272439,0.0633742,0.0484043,-0.0348302,-0.0503864,-0.0474253,-0.0375605,-0.1112837,-0.0690466,-0.0731721,-0.048223,-0.0481054,-0.0319435,-0.0284001,0.096021,0.1138139,0.0263737,-0.1269615,-0.0391906,-0.2588672,-0.2267635,0.0869713,-0.0863223,0.009026,1,-0.0327202,-0.0698319,-0.0918054,-0.0685834,-0.0406414,-0.0557648,-0.0521583,-0.0092338,-0.0300497,-0.0398154,-0.0191762,-0.0668747,-0.0418153,-0.0366236,-0.0977695,-0.0754758,0.0068127,-0.0822918,-0.0356307,-0.0516196,-0.0612267,-0.0361355,-0.050117,-0.0700977,-0.0496612,-0.0469852,-0.0068659,0.0463394,-0.0133225,0.0651434,-0.0491685,-0.0906456,0.0358741,0.0773588,-0.0281862,-0.1705753,-0.2100174,-0.2399299,-0.0947697,-0.0111452,-0.1551665,0.0411008,0.0389841,0.0510183,0.0334288,-0.0260344,0.0034605,0.0855158,0.1266115,0.0976504,0.0225649,-0.0324447,0.0634656,0.0191484,0.063983,-0.041616,0.1077675,0.0842713,0.0475981,-0.0216698,0.065751,0.0496921,-0.0099928,-0.0178597,-0.0355873,-0.0646558,0.0427255,0.0047546,0.0048088,-0.0040696,0.0101207,-0.0095792,0.0595652,-0.0069283,-0.007443,0.021141,-0.0979595,0.0141521,-0.006875,0.02597,-0.0035892,0.0021143,-0.0566524,0.0081037,-0.0173774,0.11166,-0.0084343,-0.0080862,-0.0779391,-0.0480675,-0.1416898,-0.0499732,0.1455675,-0.053791,0.013354,0.0241555,0.0286875,-0.0596521,-0.0076709,0.0162455,0.0647495,0.0112765,-0.0306294,0.0135501,-0.014617,0.0301027,0.0131125,0.0096778,0.0141885
Myristic,-0.0120674,-0.0028033,-0.0059417,-0.0202426,0.0219849,-0.0230392,0.0608775,0.0153684,0.0296105,0.0232004,-0.0609528,-0.0281752,0.0106748,0.011539,-0.163677,-0.1148891,0.1516564,-0.0188482,-0.0488549,0.0031216,-0.0610889,-0.039154,0.0690299,0.0688575,-0.0327202,1,0.6665199,0.7618296,0.7411248,0.7120121,0.5979357,0.5976279,0.4036108,0.5679923,0.4840294,0.4857703,0.6628207,0.6488722,0.5240369,0.1905486,0.5413427,0.3943086,0.1607842,0.576574,0.4513014,0.704516,0.5217046,0.6411031,0.7064635,0.7227038,0.6468057,0.1850735,0.1781133,0.1343463,0.0898425,0.0119287,-0.034644,0.0654295,0.0343121,0.0203545,0.007648,0.0431448,-0.0288982,-0.0621024,-0.0438912,-0.0144286,0.006879,-0.0518593,0.0261418,0.0184079,-0.0331601,-0.0570841,0.0079807,-0.0411756,0.0312066,0.0097872,-0.0000417,0.0582788,0.1090052,0.0663255,-0.0364267,-0.0382063,-0.0849526,-0.0286619,-0.0238706,-0.0444924,-0.079454,0.1110324,0.0686847,-0.1069989,-0.0267269,-0.1069956,-0.0008243,0.0170454,-0.0189678,-0.0235364,-0.0041553,-0.0118149,-0.0434441,0.0412377,0.0062457,-0.0252448,0.0240543,-0.0033433,-0.0085278,0.0156062,-0.0503625,-0.0609442,0.0045139,0.0885025,0.0141074,0.0393061,0.0148819,0.0162764,-0.0808772,-0.0497949,-0.0377129,-0.0932465,0.1106404,-0.014472,0.0289947,0.0236831,0.0688992,0.0182725,0.0184719,0.0652356,-0.1743787,0.1748028,-0.1614368,-0.1102435,-0.088291,0.1364589,-0.0812881,0.0001228
Palmitic acid,0.0572495,0.0114518,0.0338882,0.023454,-0.0297636,-0.0033732,0.0996915,0.1012985,0.110337,0.0332208,0.0159681,0.0182402,0.0374838,0.0358388,-0.2528937,-0.178192,0.0928507,-0.0483474,-0.0584842,-0.037722,0.0001041,-0.0695183,0.0315104,0.0144818,-0.0698319,0.6665199,1,0.6791312,0.872703,0.8630789,0.8175606,0.8777796,0.6177871,0.5966057,0.3521345,0.6127508,0.7697677,0.7260936,0.8293452,0.3446124,0.4631703,0.451196,0.3299093,0.6948376,0.7602467,0.9762191,0.7710577,0.9151754,0.9921161,0.8694556,0.9274461,0.1779761,0.1892065,0.0828665,0.1338085,0.0051087,-0.0435164,0.0957271,-0.0075256,-0.0807846,0.0220255,0.0631683,0.0246121,-0.0855095,-0.0011994,0.0205945,0.0353408,0.0365557,0.0762844,0.0355517,-0.0117728,0.0191928,0.0471853,-0.0192848,0.0219125,-0.0534702,0.0597181,0.1136716,0.0633384,0.0980222,0.0278658,-0.0672579,-0.1188843,0.0301063,0.0192477,-0.0507398,-0.0356594,0.0654305,0.0324034,-0.0602729,0.0791622,0.0261086,0.0193092,0.047277,-0.0036749,-0.0658952,-0.0268424,0.0392652,0.1099556,-0.074091,-0.0374503,-0.0540072,0.0173556,-0.0343508,-0.0100148,-0.0058342,-0.1286017,-0.1074752,-0.016792,-0.0368006,0.0637056,0.0169416,0.0415621,-0.0315299,-0.0395493,-0.118082,-0.0152873,0.0126006,0.1881543,-0.0457645,0.0059973,0.0243652,0.0771739,0.0294386,0.0304022,0.0524123,-0.187275,0.2723586,-0.2942343,-0.1674816,-0.1860297,0.1771524,-0.1792978,-0.0560332
